%Ln/p=29/39
% time         current    current    current    current   
%             vip        vin                       voutp      voutn                     
R=[
    0.         11.6251      11.6251      90.7521      90.7521    
    5.00000      -1.8169    1.8318 -150.8590     542.6718    
   10.00000     -21.8492      43.4805    -604.6899       2061.9 
   15.00000      13.0523      -4.9550      -1353.8    1173.2 
   20.00000      15.7669      14.7417   58.2003     589.5655    
   25.00000     0.5429905   11.4429     556.4678    -359.6143    
   30.00000       2.3916      11.7444     336.4457      57.9350    
   35.00000       9.4133       4.2994     -95.4995     378.1646    
   40.00000       9.6370       4.6727      73.8436     237.5074    
   45.00000       6.1061       8.4748     264.0581      27.6923    
   50.00000       6.0396       8.7105     198.7349     103.3780    
   55.00000       7.9831       6.9040      90.2313     206.0532    
   60.00000       8.2238       6.7826     118.2761     174.5023    
   65.00000       7.3298       7.8074     173.0417     116.1946    
   70.00000       7.2380       8.0024     159.0375     126.7200    
   75.00000       7.7835       7.5641     127.4724     155.1632    
   80.00000       7.9351       7.5199     130.5397     148.8182    
   85.00000       7.7194       7.8154     144.8103     131.4820    
   90.00000       7.6993       7.9198     141.7051     131.4403    
   95.00000       7.8589       7.8338     131.8736     138.2672    
  100.00000       7.9504       7.8282     130.7526     136.4480    
  105.00000       7.9175       7.9272     133.8422     130.8080    
  110.00000       7.9231       7.9790     132.3693     129.2108    
  115.00000       9.4078       9.4126    -140.3920    -140.2045    
  120.00000       4.3492       4.3443     -79.3771     -79.9396    
  125.00000       6.7659       6.7829      17.4436      16.5229    
  130.00000       7.5568       7.5642      84.8346      85.0845    
  135.00000       7.8538       7.8454     122.1349     122.6147    
  140.00000       8.0050       8.0035     139.6061     139.5008    
  145.00000       8.0827       8.0909     144.8316     144.5768    
  150.00000       8.1667       8.1640     149.9213     149.9680    
  155.00000       8.2448       8.2423     154.9979     155.1035    
  160.00000       8.2878       8.2875     157.1733     157.1363    
];
