% time         current    current    current    current   
%             vip        vin           voutp      voutn         
R=[
    0.        0.0116251     0.0116251     0.0907521     0.0907521    
    5.00000      -1.8166       1.8326    -0.1226407     0.5971692    
   10.00000      -1.8354       1.8499      -1.0252       1.5376    
   15.00000      -1.8276       1.8391      -2.0529       2.3644    
   20.00000      -1.8226       1.8340      -2.0306       2.5806    
   25.00000      -1.8336       1.8402      -1.6342       1.9248    
   30.00000      -1.8399       1.8430      -1.6062       1.8061    
   35.00000      -1.8351       1.8359      -1.9568       2.2770    
   40.00000      -1.8464       1.8482      -1.2442       2.1607    
   45.00000      -1.8408       1.8312      -2.1857       2.2822    
   50.00000      -1.8349       1.8242      -1.9943       2.6572    
   55.00000      -1.8463       1.8241      -1.9010       1.7095    
   60.00000      -1.8511       1.8257      -1.6945       1.6362    
   65.00000      -1.8515       1.8203      -1.8908       2.0306    
   70.00000      -1.8518       1.8120      -2.1208       2.0014    
   75.00000      -1.8562       1.8078      -2.1281       1.5022    
   80.00000      -1.8616       1.8067      -2.0260       1.1712    
   85.00000      -1.8618       1.8060      -1.8495       1.4777    
   90.00000      -1.8562       1.8292      -1.5784       2.0986    
   95.00000      -1.8481       1.8142      -2.0165       2.5680    
  100.00000      -1.8534       1.8068      -2.0631       1.9801    
  105.00000      -1.8630       1.8063      -1.9072       1.1301    
  110.00000      -1.8629       1.8093      -1.4629       1.6215    
  115.00000      -1.8185       1.8267    -0.3410123     0.1711581    
  120.00000      -1.8644       1.8133      -2.2138       2.1936    
  125.00000      -1.8495       1.8119      -1.7236       2.4127    
  130.00000      -1.8588       1.8108      -1.6079       1.6902    
  135.00000      -1.8606       1.8092      -1.5373       1.6977    
  140.00000      -1.8524       1.8324      -1.1128       2.4761    
  145.00000      -1.8481       1.8140      -2.0414       2.5099    
  150.00000      -1.8502       1.8089      -1.8111       2.2777    
  155.00000      -1.8601       1.8069      -1.7806       1.4210    
  160.00000      -1.8620       1.8091      -1.3854       1.7739        
];
