%Ln/p=23/31
% time         current    current    current    current   
%             vip        vin                    voutp      voutn                  
R=[
    0.         11.6251      11.6251      90.7521      90.7521    
    5.00000      -1.8166       1.8324    -261.7687     446.3888    
   10.00000     -22.0443      45.9717      -1105.2       1697.0    
   15.00000      20.0131      -1.3957      -1636.1       1340.0    
   20.00000      21.9673       1.7517    -339.4899     348.5705    
   25.00000       3.8124      20.2718     552.6447    -810.2129    
   30.00000       5.7762      20.8402      68.1706    -351.9234    
   35.00000      19.4318       9.1505    -656.6894     262.5926    
   40.00000      20.4929      10.3636    -396.5324     -99.2392    
   45.00000      13.6127      19.8222      -7.5316    -592.3258    
   50.00000      14.3072      21.4794    -235.1936    -478.7187    
   55.00000      21.2904      17.4939    -592.0231    -219.0714    
   60.00000      23.0706      18.3033    -556.5647    -386.0877    
   65.00000      21.1800      23.4971    -403.9755    -639.4235    
   70.00000      22.2613      25.3771    -534.8594    -651.2439    
   75.00000      26.2481      24.8717    -721.8256    -575.5001    
   80.00000      28.2544      26.2768    -756.8281    -679.3606    
   85.00000      28.6350      29.4255    -740.6434    -828.9100    
   90.00000      30.2018      31.4353    -829.3418    -880.7072    
   95.00000      32.8628      32.4334    -954.1201    -902.8870    
  100.00000      34.9322      34.1801      -1021.2    -987.5691    
  105.00000      36.1053      36.2906      -1094.7      -1120.9    
  110.00000      37.7941      38.2251      -1191.7      -1214.0    
%  115.00000       3.2312       3.2286    -391.1439    -389.8087    
  115.00000       3.2312       3.2286      -1300        -1290    
  120.00000      55.5365      55.5323      -1593.9      -1597.4    
  125.00000      43.4803      43.5827      -1680.7      -1687.0    
  130.00000      44.0538      44.0554      -1706.9      -1705.9    
  135.00000      45.6023      45.5642      -1751.2      -1748.5    
  140.00000      45.7400      45.7350      -1834.9      -1835.0    
  145.00000      45.8087      45.8244      -1904.1      -1905.1    
  150.00000      46.0912      46.0886      -1949.4      -1949.4    
  155.00000      45.8814      45.8800      -2037.8      -2037.4    
  160.00000      46.3551      46.3573      -2042.1      -2042.0     
];
