% time         current    current    current    current   
%             vip        vi         voutp      vout  
R=[     
    0.          0.0116251    0.0116251    0.0907521    0.0907521  
    5.00000    -1.8166       1.8326      -0.1226407    0.5971692  
   10.00000    -1.8354       1.8499      -1.0252       1.5376    
   15.00000    -1.8276       1.8391      -2.0529       2.3644    
   20.00000    -1.8226       1.8340      -2.0306       2.5806    
   25.00000    -1.8336       1.8402      -1.6342       1.9248    
   30.00000    -1.8399       1.8430      -1.6062       1.8061    
   35.00000    -1.8351       1.8359      -1.9568       2.2770    
   40.00000    -1.8464       1.8482      -1.2442       2.1607    
   45.00000    -1.8408       1.8312      -2.1857       2.2822    
   50.00000    -1.8349       1.8242      -1.9943       2.6572    
   55.00000    -1.8463       1.8241      -1.9010       1.7095    
   60.00000    -1.8511       1.8257      -1.6945       1.6362    
   65.00000    -1.8515       1.8203      -1.8908       2.0306    
   70.00000    -1.8518       1.8120      -2.1208       2.0014    
   75.00000    -1.8562       1.8078      -2.1281       1.5022    
   80.00000    -1.8616       1.8067      -2.0260       1.1712    
];  
