%Ln/p=26/35
% time         current    current    current    current   
%             vip        vi                          voutp      vout                        
R=[
    0.         11.6251      11.6251      90.7521      90.7521    
    5.00000      -1816.8    1832.1 -204.0749     496.2496    
   10.00000     -22.2522      44.8583    -862.4082       1878.1 
   15.00000      16.2681      -3.2151      -1488.0    1258.1 
   20.00000      18.6024     0.7366974 -117.2119     492.1023    
   25.00000       1.8410      15.3225     556.9989    -566.0296    
   30.00000       3.7683      15.5691     227.0160    -106.0389    
   35.00000      13.4770       5.8673    -336.3811     338.1435    
   40.00000      13.6766       6.7566     -99.2301     107.7525    
   45.00000       8.3727      12.5568     162.2080    -220.6918    
   50.00000       8.9212      12.9812      34.5692     -94.0564    
   55.00000      12.3384      10.1747    -155.9759      53.6810    
   60.00000      12.8873      10.3857    -107.3843     -19.2391    
   65.00000      11.4202      12.5435     -20.7430    -137.5854    
   70.00000      11.5865      13.1112     -63.4573    -121.8859    
   75.00000      12.9943      12.4339    -139.4355     -74.8144    
   80.00000      13.5441      12.6241    -139.1769    -101.2459    
   85.00000      13.3266      13.5860    -115.7982    -151.2184    
   90.00000      13.5502      14.1069    -134.3817    -158.6272    
   95.00000      14.2662      14.1424    -168.7393    -149.6108    
  100.00000      14.7536      14.4208    -179.0603    -163.7949    
  105.00000      14.9399      14.9805    -178.4997    -188.7007    
  110.00000      15.2480      15.4390    -190.4853    -199.9964    
  115.00000       8.1517       8.1559    -175.9937    -175.3642    
  120.00000      16.7985      16.7964    -423.2437    -425.8731    
  125.00000      15.8817      15.9507    -346.2630    -349.8188    
  130.00000      16.4847      16.4901    -291.1109    -289.7130    
  135.00000      17.3084      17.2651    -261.0016    -258.8764    
  140.00000      17.6686      17.6693    -258.2315    -258.9035    
  145.00000      18.0267      18.0542    -255.2830    -256.5556    
  150.00000      18.4090      18.4111    -253.1188    -252.8177    
  155.00000      18.7979      18.7916    -264.1347    -263.4268    
  160.00000      19.1842      19.1819    -274.0053    -274.1449
];
