%Ln/p=29/39
% time         current    current    current    current   
%             vip        vin              voutp      voutn            
R=[
    0.         0.0116251      0.0116251      0.0907521      0.0907521    
    5.00000      -1.8169       1.8318    -0.1508590     0.5426718    
   10.00000      -1.8574       1.8665      -1.4087       2.2937    
   15.00000      -1.8240       1.8314      -2.1101       2.9089    
   20.00000      -1.8227       1.8314      -1.3987       2.7046    
   25.00000      -1.8564       1.8530      -1.3837       1.5702    
   30.00000      -1.8274       1.8600     0.2986690       4.8662    
   35.00000      -1.8399       1.8145      -3.0110       1.5420    
   40.00000      -1.8328       1.8362    -0.5274758       2.8405    
   45.00000      -1.8503       1.8288      -1.6651       1.2346    
   50.00000      -1.8408       1.8324      -1.0283       2.4381    
   55.00000      -1.8437       1.8242      -1.6153       2.0340    
   60.00000      -1.8445       1.8265      -1.2655       2.1097    
   65.00000      -1.8483       1.8248      -1.4222       1.8355    
   70.00000      -1.8473       1.8245      -1.3374       2.0391    
   75.00000      -1.8483       1.8224      -1.4397       1.9725    
   80.00000      -1.8491       1.8221      -1.3936       1.9476    
   85.00000      -1.8502       1.8215      -1.4063       1.8992    
   90.00000      -1.8504       1.8211      -1.3958       1.9287    
   95.00000      -1.8509       1.8204      -1.4101       1.9206    
  100.00000      -1.8514       1.8201      -1.4024       1.9104    
  105.00000      -1.8518       1.8198      -1.3989       1.9022    
  110.00000      -1.8521       1.8196      -1.3945       1.9081    
%  115.00000      -1.8111       1.8325    -0.2144392     0.5049239    
  115.00000      -1.8111       1.8325      -1.32         1.94    
  120.00000      -1.8640       1.8174      -1.3514       2.1298    
  125.00000      -1.8516       1.8196      -1.2906       1.9803    
  130.00000      -1.8530       1.8196      -1.3014       1.9499    
  135.00000      -1.8506       1.8185      -1.3395       1.9681    
  140.00000      -1.8531       1.8189      -1.3261       1.9491    
  145.00000      -1.8516       1.8186      -1.3316       1.9537    
  150.00000      -1.8506       1.8184      -1.3355       1.9577    
  155.00000      -1.8516       1.8184      -1.3321       1.9573    
  160.00000      -1.8525       1.8185      -1.3285       1.9570       
];
