%Ln/p=23/31
% time         current    current    current    current   
%             vip        vin                 voutp      voutn               
R=[
    0.         11.6251      11.6251      90.7521      90.7521    
    5.00000      -1.8166       1.8324    -261.7687     446.3888    
   10.00000      -1.8342       1.8510      -1148.9       1307.7    
   15.00000       1.1812      23.0964      -1806.8       1675.7    
   20.00000      24.6455     670.8680   -1133.9     811.1009    
   25.00000      13.0062      13.7160      30.3286    -519.0667    
   30.00000       5.8902      24.2594     263.0896    -710.4086    
   35.00000      15.1409      16.0287    -537.6975    -153.8446    
   40.00000      23.3831      11.5905    -652.7417       4.9623    
   45.00000      18.9449      17.7612    -340.1861    -550.2112    
   50.00000      16.4121      23.9859    -226.0186    -669.2688    
   55.00000      20.6613      22.0616    -602.7261    -503.3788    
   60.00000      25.7122      20.9170    -734.8130    -437.1214    
   65.00000      25.4474      24.3378    -642.4711    -691.4209    
   70.00000      25.2351      28.1428    -627.6566    -813.3237    
   75.00000      27.9117      28.7107    -809.9970    -788.8837    
   80.00000      31.0399      29.2918    -918.0005    -803.4387    
   85.00000      32.1576      31.6187    -936.1902    -943.9596    
   90.00000      33.1176      34.1251    -976.5338      -1045.0    
   95.00000      35.4148      35.7702      -1090.3      -1090.3    
  100.00000      37.5704      37.0461      -1210.6      -1172.0    
  105.00000      39.1446      38.8976      -1290.8      -1286.5    
  110.00000      40.4405      40.6924      -1378.6      -1398.3    
%  115.00000       2.2740       2.2538    -467.4692    -467.0038    
  115.00000       2.2740       2.2538      -1478.6      -1483.3    
  120.00000      56.5175      56.4384      -1818.3      -1815.1    
  125.00000      44.7028      44.7363      -1816.4      -1819.7    
  130.00000      44.7784      44.8109      -1846.7      -1848.2    
  135.00000      44.8891      44.8766      -1898.2      -1897.1    
  140.00000      44.8716      44.8618      -1942.2      -1941.6    
  145.00000      45.1108      45.1114      -1980.8      -1981.1    
  150.00000      45.3274      45.3266      -2013.5      -2013.7    
  155.00000      45.5166      45.5162      -2039.6      -2039.5    
  160.00000      45.4781      45.4772      -2066.8      -2066.7      
];
