%Ln/p=23/31
% time         current    current    current    current   
%             vip        vi                 voutp      vout               
R=[
    0.         0.0116251      0.0116251      0.0907521      0.0907521    
    5.00000      -1.8166       1.8324    -0.2617687    0.4463888    
   10.00000      -1.8342       1.8510      -1.1489       1.3077    
   15.00000      -1.8261       1.8426      -2.0706       2.0040    
   20.00000      -1.8419       1.8601      -1.3396       2.0942    
   25.00000      -1.8302       1.8409      -2.3108       1.9946    
   30.00000      -1.8199       1.8376      -2.0332       2.3976    
   35.00000      -1.8288       1.8428      -1.8570       1.6359    
   40.00000      -1.8322       1.8484      -1.6958       1.5904    
   45.00000      -1.8280       1.8438      -2.1126       1.7823    
   50.00000      -1.8244       1.8425      -2.1025       1.8942    
   55.00000      -1.8277       1.8449      -2.0454       1.5768    
   60.00000      -1.8288       1.8470      -2.0517       1.5126    
   65.00000      -1.8266       1.8457      -2.2016       1.5944    
   70.00000      -1.8254       1.8456      -2.2223       1.5842    
   75.00000      -1.8265       1.8469      -2.2202       1.4352    
   80.00000      -1.8266       1.8479      -2.2566       1.3886    
   85.00000      -1.8253       1.8478      -2.3227       1.4039    
   90.00000      -1.8247       1.8483      -2.3482       1.3661    
   95.00000      -1.8248       1.8493      -2.3661       1.2863    
  100.00000      -1.8244       1.8501      -2.4002       1.2485    
  105.00000      -1.8235       1.8505      -2.4359       1.2345    
  110.00000      -1.8229       1.8513      -2.4600       1.1948    
%  115.00000      -1.8148       1.8281    -0.2763080     0.4705814    
  115.00000      -1.8148       1.8281      -2.58         1.05    
  120.00000      -1.8295       1.8622      -2.9011     0.8029801    
  125.00000      -1.8217       1.8528      -2.7094     0.8820813    
  130.00000      -1.8199       1.8541      -2.6356     0.9543472    
  135.00000      -1.8177       1.8538      -2.6233     0.9957574    
  140.00000      -1.8171       1.8562      -2.6105     0.9771755    
  145.00000      -1.8161       1.8576      -2.6144     0.9533032    
  150.00000      -1.8145       1.8576      -2.6337     0.9369668    
  155.00000      -1.8132       1.8584      -2.6520     0.9117955    
  160.00000      -1.8121       1.8605      -2.6655     0.8785447    
];
