%26/35
%             vip        vin        voutp      voutn      
% time         current    current    current    current   
R=[
    0.         11.6251   11.6251   90.7521   90.7521 
    1.00000    8.8306    8.8306 -131.9048 -131.9048 
    2.00000    8.9160    8.9160 -128.1673 -128.1673 
%    3.00000 -901.7005  922.7098  -64.7127  351.7044 
    4.00000   -1.8162*1000    1.8314*1000 -201.0033  497.9196 
    5.00000   -1.8168*1000    1.8320*1000 -207.5864  492.7875 
    6.00000   -1.8168*1000    1.8320*1000 -214.0642  486.3002 
%    7.00000   -1.8168*1000    1.8320*1000 -220.7885  479.5592 
%    8.00000 -935.0955  955.5584 -990.6537    2.0402*1000 
    9.00000  -23.0046   45.6194 -853.8725    1.8896*1000 
   10.00000  -22.2258   44.8919 -859.1705    1.8813*1000 
   11.00000  -22.2150   44.8959 -865.3659    1.8743*1000 
%   12.00000  -22.1951   44.8886 -872.1167    1.8673*1000 
%   13.00000   16.1772   -3.1230   -1.4706*1000    1.2658*1000 
   14.00000   16.2169   -3.1907   -1.4812*1000    1.2615*1000 
   15.00000   16.2552   -3.2262   -1.4897*1000    1.2564*1000 
   16.00000   16.2824   -3.2555   -1.4981*1000    1.2512*1000 
%   17.00000    6.0290    7.5593 -505.1968 -346.2170 
%   18.00000   18.8717  540.3216*0.001 -108.1758  512.2320 
   19.00000   18.7189  652.2538*0.001 -111.6778  501.5683 
   20.00000   18.6086  737.4335*0.001 -116.4067  492.9629 
   21.00000   18.5073  817.7491*0.001 -121.0141  484.2305 
%   22.00000   -1.4904   15.1567  394.8744 -611.3718 
%   23.00000    1.8400   15.3086  569.5643 -552.6635 
   24.00000    1.7823   15.3138  564.9187 -561.2287 
   25.00000    1.8303   15.3183  556.5925 -566.4717 
   26.00000    1.9145   15.3271  546.9388 -570.6475 
%   27.00000    2.2702   14.0522   47.2810 -274.9300 
%   28.00000    3.7229   15.5977  241.9305  -94.0735 
   29.00000    3.8753   15.3740  227.1492  -92.2978 
   30.00000    3.7590   15.5786  227.3643 -106.4543 
   31.00000    3.7446   15.6228  222.0961 -114.6761 
%   32.00000   13.0695    5.4316 -370.1884  306.6399 
%   33.00000   13.4185    5.9167 -321.2900  349.4447 
   34.00000   13.4615    5.8617 -329.6590  344.4624 
   35.00000   13.4680    5.8687 -336.2254  337.8290 
   36.00000   13.4441    5.9241 -341.4308  329.7180 
%   37.00000   13.4310    6.3736 -118.5387   90.3722 
%   38.00000   13.6991    6.6698  -88.0652  120.3759 
   39.00000   13.6157    6.8028  -90.8922  114.7533 
   40.00000   13.6658    6.7527  -98.9810  107.8627 
   41.00000   13.7159    6.7026 -107.0698  100.9721 
%   42.00000    8.3210   12.3684  169.3628 -206.8865 
%   43.00000    8.4626   12.5083  181.2453 -194.8264 
   44.00000    8.4719   12.5198  176.1058 -199.9814 
   45.00000    8.4823   12.5298  170.0793 -205.9285 
   46.00000    8.4861   12.5281  161.6021 -214.2083 
%   47.00000    8.6469   12.9134   47.4474  -95.4817 
%   48.00000    8.7079   13.0368   51.4214  -92.2857 
   49.00000    8.7657   12.9939   46.6801  -95.3623 
   50.00000    8.7696   13.0075   40.1506 -102.0234 
   51.00000    8.7414   13.0539   32.5332 -110.8231 
%   52.00000   12.2277   10.1109 -139.4870   71.1347 
%   53.00000   12.2833   10.1707 -142.3631   68.1342 
   54.00000   12.2864   10.1662 -146.3534   64.1647 
   55.00000   12.2950   10.1758 -152.7802   57.6819 
   56.00000   12.3076   10.1960 -161.0789   49.2690 
%   57.00000   12.8533   10.2695  -90.3696    4.7520 
%   58.00000   12.9126   10.2695  -99.2998   -3.1118 
   59.00000   12.8739   10.2887 -102.8492   -7.6893 
   60.00000   12.8936   10.2945 -109.8912  -14.5103 
   61.00000   12.9408   10.2940 -118.5699  -22.3827 
%   62.00000   11.3892   12.4780    5.5048 -111.6558 
   63.00000   11.4164   12.4894   -7.1156 -124.1698 
   64.00000   11.3950   12.4760  -11.1698 -128.2753 
   65.00000   11.4144   12.4921  -18.3514 -135.3984 
%   66.00000    8.6463    8.5765 -168.2027 -177.3221 
%   67.00000   11.5112   13.0849  -36.8004  -99.1836 
   68.00000   11.5126   13.1128  -48.0046 -110.9607 
   69.00000   11.5050   13.0716  -52.3300 -114.6867 
   70.00000   11.5228   13.1087  -59.8750 -122.5593 
%   71.00000   11.5951   11.0840 -346.2511 -283.3518 
%   72.00000   12.9296   12.3882 -114.7573  -50.1466 
   73.00000   12.9410   12.4088 -125.3208  -60.8047 
   74.00000   12.9124   12.3735 -129.3752  -64.7903 
   75.00000   12.9476   12.4140 -137.3656  -72.8581 
%   76.00000   12.5697   11.5410 -258.9980 -218.0840 
%   77.00000   13.5021   12.5508 -116.7884  -76.4314 
   78.00000   13.5143   12.5603 -126.2741  -85.7890 
   79.00000   13.4740   12.5368 -130.3679  -90.1753 
   80.00000   13.5292   12.5761 -138.8601  -98.4010 
%   81.00000   12.6416   12.9097 -162.3936 -197.6125 
%   82.00000   13.2635   13.5181  -92.8995 -128.0959 
   83.00000   13.2633   13.5168 -101.3068 -136.5078 
   84.00000   13.2319   13.4889 -105.8317 -141.0787 
   85.00000   13.2880   13.5407 -114.2704 -149.4433 
%   86.00000   13.2097   13.7775 -142.2875 -167.9716 
%   87.00000   13.4793   14.0537 -111.5954 -137.2560 
   88.00000   13.4654   14.0378 -118.6852 -144.3060 
   89.00000   13.4497   14.0174 -123.8807 -149.4140 
   90.00000   13.5029   14.0790 -132.2010 -157.8688 
%   91.00000   14.0724   13.9639 -158.2807 -139.3307 
%   92.00000   14.2015   14.0922 -147.3110 -128.3455 
%   93.00000   14.1678   14.0588 -153.0508 -134.0602 
   94.00000   14.1618   14.0519 -158.7792 -139.7826 
   95.00000   14.2238   14.1171 -167.1178 -148.1718 
   96.00000   14.5684   14.2272 -162.5467 -146.4706 
%   97.00000   14.6986   14.3496 -159.0880 -142.9738 
%   98.00000   14.6358   14.2919 -163.2016 -147.1891 
   99.00000   14.6469   14.3029 -169.5472 -153.5344 
  100.00000   14.7164   14.3677 -177.9365 -161.8412 
  101.00000   14.7547   14.8092 -153.7701 -163.8563 
%  102.00000   14.8776   14.9167 -158.4188 -168.4765 
%  103.00000   14.7939   14.8354 -161.9270 -172.0202 
  104.00000   14.8252   14.8662 -168.9285 -179.0102 
  105.00000   14.8994   14.9385 -177.2283 -187.2812 
  106.00000   15.0661   15.2638 -156.2196 -166.0962 
%  107.00000   15.1663   15.3569 -169.6012 -179.5630 
%  108.00000   15.0765   15.2630 -173.0826 -182.9845 
  109.00000   15.1310   15.3194 -180.6821 -190.6102 
  110.00000   15.2070   15.3982 -188.8948 -198.8620 
  111.00000   15.5494   15.5383 -176.3862 -171.1159 
%  112.00000   15.6327   15.6124 -188.3479 -183.1009 
%  113.00000   15.5309   15.5090 -191.8505 -186.5689 
  114.00000   15.6133   15.5925 -200.0037 -194.7442 
  115.00000    8.1577    8.1611 -175.8569 -175.2190 
  116.00000   15.9854   15.8648 -189.2411 -183.2218 
%  117.00000   16.0354   15.9174 -199.7343 -193.6857 
%  118.00000   15.9521   15.8360 -203.9545 -197.9360 
  119.00000   16.0392   15.9215 -212.0968 -206.0559 
  120.00000   16.7502   16.7440 -422.2433 -424.8039 
  121.00000   16.3102   16.3097 -196.7011 -199.3963 
%  122.00000   16.3294   16.3252 -205.5876 -208.2853 
%  123.00000   16.2679   16.2644 -210.5283 -213.2374 
  124.00000   16.3608   16.3563 -218.4699 -221.1695 
  125.00000   15.8337   15.9093 -344.9297 -348.6367 
  126.00000   16.6619   16.7290 -208.4629 -212.1403 
%  127.00000   16.6333   16.6956 -215.7643 -219.4380 
%  128.00000   16.6013   16.6632 -221.3625 -225.0310 
  129.00000   16.6967   16.7592 -229.2398 -232.9221 
  130.00000   16.4508   16.4475 -289.8971 -288.5654 
  131.00000   17.0958   17.1002 -222.4388 -221.1304 
%  132.00000   17.0147   17.0172 -228.3872 -227.0783 
%  133.00000   17.0141   17.0164 -234.5958 -233.2883 
  134.00000   17.1140   17.1170 -242.3338 -241.0303 
  135.00000   17.2674   17.2282 -259.7618 -257.5844 
  136.00000   17.5046   17.4704 -234.3213 -232.1342 
%  137.00000   17.3606   17.3275 -238.9140 -236.7329 
%  138.00000   17.3964   17.3633 -245.6557 -243.4719 
  139.00000   17.5004   17.4673 -253.3382 -251.1479 
  140.00000   17.6391   17.6260 -257.0250 -257.6420 
  141.00000   17.8599   17.8624 -243.3841 -243.9904 
