%26/35
%             vip        vin        voutp      voutn      
% time         current    current    current    current   
R=[
    0.         11.6251   11.6251   90.7521   90.7521 
    5.00000   -1.8168*1000    1.8320*1000 -207.5864  492.7875 
   10.00000  -22.2258   44.8919 -859.1705    1.8813*1000 
   15.00000   16.2552   -3.2262   -1.4897*1000    1.2564*1000 
   19.00000   18.7189  652.2538 -111.6778  501.5683 
   25.00000    1.8303   15.3183  556.5925 -566.4717 
   30.00000    3.7590   15.5786  227.3643 -106.4543 
   34.00000   13.4615    5.8617 -329.6590  344.4624 
   39.00000   13.6157    6.8028  -90.8922  114.7533 
   45.00000    8.4823   12.5298  170.0793 -205.9285 
   50.00000    8.7696   13.0075   40.1506 -102.0234 
   55.00000   12.2950   10.1758 -152.7802   57.6819 
   60.00000   12.8936   10.2945 -109.8912  -14.5103 
   65.00000   11.4144   12.4921  -18.3514 -135.3984 
   70.00000   11.5228   13.1087  -59.8750 -122.5593 
   74.00000   12.9124   12.3735 -129.3752  -64.7903 
   80.00000   13.5292   12.5761 -138.8601  -98.4010 
   85.00000   13.2880   13.5407 -114.2704 -149.4433 
   90.00000   13.5029   14.0790 -132.2010 -157.8688 
   95.00000   14.2238   14.1171 -167.1178 -148.1718 
  100.00000   14.7164   14.3677 -177.9365 -161.8412 
  105.00000   14.8994   14.9385 -177.2283 -187.2812 
  110.00000   15.2070   15.3982 -188.8948 -198.8620 
  116.00000   15.9854   15.8648 -189.2411 -183.2218 
  120.00000   16.7502   16.7440 -422.2433 -424.8039 
  125.00000   15.8337   15.9093 -344.9297 -348.6367 
  130.00000   16.4508   16.4475 -289.8971 -288.5654 
  135.00000   17.2674   17.2282 -259.7618 -257.5844 
  140.00000   17.6391   17.6260 -257.0250 -257.6420 
  145.00000   17.9952   18.0157 -254.2991 -255.5621 
  150.00000   18.3738   18.3825 -251.9504 -251.5971 
  155.00000   18.7718   18.7541 -263.1071 -262.3041 
  160.00000   19.1539   19.1514 -272.9595 -273.1143 
];
