pkg load signal
pkg load image
pkg load video
>> [N, D] = ellip(7, 0.5, 60, 1,'s')
N =

   0.00659   0.00000   0.05802   0.00000   0.14345   0.00000   0.10726

D =

   1.00000   1.14091   2.64085   2.12978   2.12027   1.08843   0.49362   0.10726
