tA=[          0.003748
   -0.092601
    0.483062
   -0.191257
    0.362234
    0.217267
    0.012174
    0.070915
   -0.137429
   -0.107287
   -0.024405
    0.021358
    0.112447
    0.100762
    0.040692
   -0.025300
];
