zAd2=[      0.51315039
           -0.12915660
            0.35647961
           -0.14816380
            0.07170631
           -0.05121398 ];
