zAd3=[      1.21161437
           -0.33489478
            0.89944786
           -0.35680836
            0.25588834
           -0.05869171];
