zAn1=[       0.06591026
             0.09368610
             0.15370096
             0.14768970
             0.10354906
             0.08178447 ];
