zAn1=[     0.17285106
           0.18715948
           0.38892978
           0.37907827
           0.23332599
           0.22886905];
