zAn2=[       0.05614024
             0.00010702
            -0.07883696
            -0.05091590
             0.04150051
             0.06961269 ];
