zAn2=[     0.13256061
           0.02925781
          -0.14965941
          -0.07774471
           0.16097078
           0.19235888];
