zAn3=[      0.18572795
           -0.41004220
            0.69469130
           -0.72065526
            0.53739363
           -0.34285733];
