zAn3=[       0.07703267
            -0.17821947
             0.26319820
            -0.30660599
             0.21704926
            -0.13402489 ];
