C=[
 1.097;
 1.055;
 0.1862;
 0.9605;
 0.8386;
 0.741;
 0.09782;
 0.1498;
 ];