>> [N, D] = ellip(3, 0.5, 30, 1,'s')
N =

   0.16902   0.00000   0.80290

D =

   1.00000   1.22866   1.51916   0.80290

>> [N, D] = ellip(3, 0.5, 30, 0.8)
N =

   0.56195   1.63699   1.63699   0.56195

D =

   1.00000   1.82790   1.29289   0.27710

>> [N, D] = ellip(3, 0.5, 30, 0.9)
N =

   0.74853   2.22985   2.22985   0.74853

D =

   1.00000   2.41728   1.99311   0.54635

>>
>> [N, D] = ellip(3, 0.5, 30, 0.5)
N =

   0.21358   0.49216   0.49216   0.21358

D =

   1.000000  -0.066099   0.584716  -0.107148

>>