A=[
 0.5903;
 0.4963;
 1.456;
 1.356;
 0.3392;
 0.1991;
 0.3062;
 0.1517;
 1.627;
 1.425;
 0.2716;
 0.3661;
 0.2363;
 0.9278;
 0.7777;
 0.7173;
 0.3394;
 ];