% time (ns)     source currents (uA)   
%           vip       vin        voutp      voutn         
Sm1=[
5.00000    -14.2690    13.7631    13.4731   -12.9515  
13.00000     13.7631   -14.2690   -12.9515    13.4731  
5.00000    -14.2690    13.7631    10.3272    -9.6122  
13.00000     13.7631   -14.2690    -9.6122    10.3273  
5.00000    -14.2690    13.7631     8.1678    -7.7275  
13.00000     13.7631   -14.2690    -7.7274     8.1678  
5.00000    -14.2690    13.7631     6.8561    -6.4106  
13.00000     13.7631   -14.2690    -6.4106     6.8561  
5.00000    -14.2690    13.7631     5.8905    -5.4734  
13.00000     13.7631   -14.2690    -5.4734     5.8905  
5.00000    -14.2690    13.7631     5.0754    -4.7995  
13.00000     13.7631   -14.2690    -4.7996     5.0754  
5.00000    -14.2690    13.7631     4.5160    -4.2471  
13.00000     13.7631   -14.2690    -4.2472     4.5160  
5.00000    -14.2690    13.7631     4.0649    -3.8064  
13.00000     13.7631   -14.2690    -3.8064     4.0649  
5.00000    -14.2690    13.7631     3.6527    -3.4612  
13.00000     13.7631   -14.2690    -3.4612     3.6527  
5.00000    -14.2690    13.7631     3.3494    -3.1601  
13.00000     13.7631   -14.2690    -3.1601     3.3494  
];
Sm2=[
5.00000    -10.6257    10.5454    13.3796   -13.6709  
13.00000     10.5454   -10.6257   -13.6709    13.3796  
5.00000    -10.6257    10.5454    10.2569   -10.1652  
13.00000     10.5454   -10.6257   -10.1652    10.2569  
5.00000    -10.6257    10.5454     8.1117    -8.1726  
13.00000     10.5454   -10.6257    -8.1727     8.1117  
5.00000    -10.6257    10.5454     6.8092    -6.7838  
13.00000     10.5454   -10.6257    -6.7838     6.8092  
5.00000    -10.6257    10.5454     5.8503    -5.7939  
13.00000     10.5454   -10.6257    -5.7939     5.8503  
5.00000    -10.6257    10.5454     5.0405    -5.0790  
13.00000     10.5454   -10.6257    -5.0790     5.0405  
5.00000    -10.6257    10.5454     4.4849    -4.4955  
13.00000     10.5454   -10.6257    -4.4955     4.4849  
5.00000    -10.6257    10.5454     4.0370    -4.0296  
13.00000     10.5454   -10.6257    -4.0296     4.0370  
5.00000    -10.6257    10.5454     3.6275    -3.6634  
13.00000     10.5454   -10.6257    -3.6634     3.6275  
5.00000    -10.6257    10.5454     3.3263    -3.3452  
13.00000     10.5454   -10.6257    -3.3452     3.3263  
];
Sm3=[
5.00000     -8.5437     8.3418    13.6571   -13.5195  
13.00000      8.3418    -8.5437   -13.5195    13.6571  
5.00000     -8.5437     8.3418    10.4657   -10.0487  
13.00000      8.3418    -8.5437   -10.0487    10.4657  
5.00000     -8.5437     8.3418     8.2782    -8.0789  
13.00000      8.3418    -8.5437    -8.0789     8.2782  
5.00000     -8.5437     8.3418     6.9484    -6.7052  
13.00000      8.3418    -8.5437    -6.7052     6.9484  
5.00000     -8.5437     8.3418     5.9697    -5.7264  
13.00000      8.3418    -8.5437    -5.7263     5.9697  
5.00000     -8.5437     8.3418     5.1443    -5.0201  
13.00000      8.3418    -8.5437    -5.0200     5.1442  
5.00000     -8.5437     8.3418     4.5771    -4.4431  
13.00000      8.3418    -8.5437    -4.4430     4.5770  
5.00000     -8.5437     8.3418     4.1199    -3.9826  
13.00000      8.3418    -8.5437    -3.9825     4.1199  
5.00000     -8.5437     8.3418     3.7024    -3.6208  
13.00000      8.3418    -8.5437    -3.6207     3.7023  
5.00000     -8.5437     8.3418     3.3949    -3.3062  
13.00000      8.3418    -8.5437    -3.3061     3.3948  
];
Sm4=[
5.00000     -7.0950     7.0016    13.5219   -13.6801  
13.00000      7.0016    -7.0950   -13.6799    13.5219  
5.00000     -7.0950     7.0016    10.3640   -10.1723  
13.00000      7.0016    -7.0950   -10.1721    10.3639  
5.00000     -7.0950     7.0016     8.1971    -8.1784  
13.00000      7.0016    -7.0950    -8.1782     8.1971  
5.00000     -7.0950     7.0016     6.8806    -6.7886  
13.00000      7.0016    -7.0950    -6.7884     6.8805  
5.00000     -7.0950     7.0016     5.9115    -5.7980  
13.00000      7.0016    -7.0950    -5.7979     5.9115  
5.00000     -7.0950     7.0016     5.0937    -5.0826  
13.00000      7.0016    -7.0950    -5.0825     5.0936  
5.00000     -7.0950     7.0016     4.5322    -4.4987  
13.00000      7.0016    -7.0950    -4.4985     4.5321  
5.00000     -7.0950     7.0016     4.0795    -4.0325  
13.00000      7.0016    -7.0950    -4.0324     4.0794  
5.00000     -7.0950     7.0016     3.6659    -3.6660  
13.00000      7.0016    -7.0950    -3.6659     3.6658  
5.00000     -7.0950     7.0016     3.3615    -3.3476  
13.00000      7.0016    -7.0950    -3.3475     3.3614  
];
Sm5=[
5.00000     -6.0613     6.0154    13.4476   -13.7608  
13.00000      6.0154    -6.0613   -13.7605    13.4476  
5.00000     -6.0613     6.0154    10.3081   -10.2344  
13.00000      6.0154    -6.0613   -10.2342    10.3080  
5.00000     -6.0613     6.0154     8.1525    -8.2284  
13.00000      6.0154    -6.0613    -8.2282     8.1525  
5.00000     -6.0613     6.0154     6.8433    -6.8305  
13.00000      6.0154    -6.0613    -6.8303     6.8432  
5.00000     -6.0613     6.0154     5.8796    -5.8341  
13.00000      6.0154    -6.0613    -5.8339     5.8795  
5.00000     -6.0613     6.0154     5.0659    -5.1141  
13.00000      6.0154    -6.0613    -5.1139     5.0658  
5.00000     -6.0613     6.0154     4.5075    -4.5266  
13.00000      6.0154    -6.0613    -4.5264     4.5074  
5.00000     -6.0613     6.0154     4.0573    -4.0576  
13.00000      6.0154    -6.0613    -4.0575     4.0572  
5.00000     -6.0613     6.0154     3.6458    -3.6887  
13.00000      6.0154    -6.0613    -3.6886     3.6458  
5.00000     -6.0613     6.0154     3.3431    -3.3684  
13.00000      6.0154    -6.0613    -3.3683     3.3430  
];
Sm6=[
5.00000     -5.3122     5.1839    13.6811   -13.5403  
13.00000      5.1839    -5.3122   -13.5400    13.6810  
5.00000     -5.3122     5.1839    10.4837   -10.0648  
13.00000      5.1839    -5.3122   -10.0644    10.4837  
5.00000     -5.3122     5.1839     8.2926    -8.0918  
13.00000      5.1839    -5.3122    -8.0915     8.2926  
5.00000     -5.3122     5.1839     6.9604    -6.7160  
13.00000      5.1839    -5.3122    -6.7157     6.9604  
5.00000     -5.3122     5.1839     5.9801    -5.7357  
13.00000      5.1839    -5.3122    -5.7354     5.9800  
5.00000     -5.3122     5.1839     5.1532    -5.0282  
13.00000      5.1839    -5.3122    -5.0280     5.1532  
5.00000     -5.3122     5.1839     4.5851    -4.4503  
13.00000      5.1839    -5.3122    -4.4501     4.5850  
5.00000     -5.3122     5.1839     4.1271    -3.9891  
13.00000      5.1839    -5.3122    -3.9889     4.1270  
5.00000     -5.3122     5.1839     3.7089    -3.6267  
13.00000      5.1839    -5.3122    -3.6265     3.7088  
5.00000     -5.3122     5.1839     3.4008    -3.3116  
13.00000      5.1839    -5.3122    -3.3114     3.4008  
];
Sm7=[
5.00000     -4.7027     4.6123    13.6127   -13.6085  
13.00000      4.6123    -4.7027   -13.6081    13.6126  
5.00000     -4.7027     4.6123    10.4323   -10.1172  
13.00000      4.6123    -4.7027   -10.1168    10.4322  
5.00000     -4.7027     4.6123     8.2516    -8.1340  
13.00000      4.6123    -4.7027    -8.1337     8.2515  
5.00000     -4.7027     4.6123     6.9261    -6.7514  
13.00000      4.6123    -4.7027    -6.7511     6.9260  
5.00000     -4.7027     4.6123     5.9506    -5.7661  
13.00000      4.6123    -4.7027    -5.7658     5.9505  
5.00000     -4.7027     4.6123     5.1276    -5.0548  
13.00000      4.6123    -4.7027    -5.0545     5.1275  
5.00000     -4.7027     4.6123     4.5623    -4.4739  
13.00000      4.6123    -4.7027    -4.4737     4.5622  
5.00000     -4.7027     4.6123     4.1066    -4.0103  
13.00000      4.6123    -4.7027    -4.0100     4.1065  
5.00000     -4.7027     4.6123     3.6904    -3.6459  
13.00000      4.6123    -4.7027    -3.6456     3.6903  
5.00000     -4.7027     4.6123     3.3839    -3.3292  
13.00000      4.6123    -4.7027    -3.3289     3.3838  
];
